# Note should start from #, non-zero upper value indicate varying variable, half-life is in second
# RI should be in the sequences of increasing Z and decreasing A for each isotropic row
#Name	Z	A	Half-life	Abs_Error_Half-life Abs_Error_Half-life_Hi	lowerHL	upperHL	P1n	Abs_Error_P1n   Abs_Error_P1n_Hi	lowerP1n	upperP1n	P2n	Abs_Error_P2n   Abs_Error_P2n_Hi	lowerP2n	upperP2n	Neu.Eff	Neu.Eff Err	Neu.Eff ErrHi	lowerNeu.Eff	upperNeu.Eff    isomer_ratio	isomer_ratio_err	lower_isomer_ratio	upper_isomer_ratio  ...
^{92}As	33	92	-0.017	0.0012	0.0012	0.009	0.225	-61.4	0	0	0	200	-14.1	0	0	0	200	0.604612	0.0449618	0.0331079	0	1
^{92}Se	34	92	0.0726267	0.000746459	0.000963206	0.0145253	0.363133	17.4277	0.73354	1.1307	0	200	0.0554112	0.0409295	0.0410598	0	200	0.629819	0.0338746	0.0216358	0	1
^{91}Se	34	91	0.166967	0.0034846	0.00354834	0.0333934	0.834835	18.924	0.85355	1.20993	0	200	0	0	0	0	200	0.633534	0.0293889	0.0209056	0	1
^{90}Se	34	90	0.21	0.08	0.08	0.042	1.05	11.5447	2.58851	2.86251	0	200	0	0	0	0	200	0.637243	0.0265391	0.0199258	0	1
^{92}Br	35	92	0.314	0.016	0.016	0.0628	1.57	52.0614	1.52894	2.789	0	200	0	0	0	0	200	0.628814	0.035662	0.0218651	0	1
^{91}Br	35	91	0.543	0.004	0.004	0.1086	2.715	35.2135	1.57298	2.63893	0	200	0	0	0	0	200	0.632509	0.0329627	0.0209018	0	1
^{90}Br	35	90	1.91	0.01	0.01	0.382	9.55	25.3	1.5	1.5	0	200	0	0	0	0	200	0.63697	0.0267603	0.0199851	0	1
^{92}Kr	36	92	1.84	0.008	0.008	0.368	9.2	0.0332	0.0025	0.0025	0	200	0	0	0	0	200	0.644238	0.0192886	0.0192886	0	1
^{91}Kr	36	91	8.57	0.04	0.04	1.714	42.85	0	0	0	0	200	0	0	0	0	200	0.644238	0.0192886	0.0192886	0	1
^{90}Kr	36	90	32.32	0.09	0.09	6.464	161.6	0	0	0	0	200	0	0	0	0	200	0.644238	0.0192886	0.0192886	0	1
^{89}Kr	36	89	189	2.4	2.4	37.8	945	0	0	0	0	200	0	0	0	0	200	0.644238	0.0192886	0.0192886	0	1
^{92}Rb	37	92	4.48	0.03	0.03	0.896	22.4	0.0107	0.0005	0.0005	0	200	0	0	0	0	200	0.644238	0.0192886	0.0192886	0	1
^{91}Rb	37	91	58.2	0.3	0.3	11.64	291	0	0	0	0	200	0	0	0	0	200	0.644238	0.0192886	0.0192886	0	1
^{90}Rb	37	90	158	5	5	31.6	790	0	0	0	0	200	0	0	0	0	200	0.644238	0.0192886	0.0192886	0	1
^{89}Rb	37	89	919.2	6	6	183.84	4596	0	0	0	0	200	0	0	0	0	200	0.644238	0.0192886	0.0192886	0	1
^{92}Sr	38	92	9399.6	61.2	61.2	1879.92	46998	0	0	0	0	200	0	0	0	0	200	0.644238	0.0192886	0.0192886	0	1
^{91}Sr	38	91	34740	216	216	6948	173700	0	0	0	0	200	0	0	0	0	200	0.644238	0.0192886	0.0192886	0	1
^{90}Sr	38	90	9.12311e+08	946708	946708	1.82462e+08	4.56156e+09	0	0	0	0	200	0	0	0	0	200	0.644238	0.0192886	0.0192886	0	1
^{89}Sr	38	89	4.36864e+06	2160	2160	873728	2.18432e+07	0	0	0	0	200	0	0	0	0	200	0.644238	0.0192886	0.0192886	0	1
^{92}Y	39	92	12744	36	36	2548.8	63720	0	0	0	0	200	0	0	0	0	200	0.644238	0.0192886	0.0192886	0	1
^{91}Y	39	91	5.05526e+06	5184	5184	1.01105e+06	2.52763e+07	0	0	0	0	200	0	0	0	0	200	0.644238	0.0192886	0.0192886	0	1
^{90}Y	39	90	230580	180	180	46116	1.1529e+06	0	0	0	0	200	0	0	0	0	200	0.644238	0.0192886	0.0192886	0	1
